4 15 16 2
Oke4
Omm1036
Omm1046
Omy1001
Omy1011
Omy7
OmyFGT12
One102
Oneu18
Ots100
Ots3m
Ssa289
Ssa407
Ssa408
Ssa20.19
1     0406 0306 0405 0708 0310 0409 0307 0202 0103 0513 0404 0204 0506 0205 0612
1     0106 0304 0105 0707 0909 0309 0303 0202 0303 0512 0204 0204 0306 0508 1113
1     0101 0304 0305 0712 0308 0409 0303 0203 0303 0512 0404 0102 0306 0210 0813
1     0101 0404 0105 0607 0809 0205 0000 0202 0000 0512 0404 0000 0204 0208 0610
1     0606 0202 0104 0710 0809 0309 0303 0202 0303 0512 0204 0204 0103 0210 1314
1     0107 0204 0205 0708 0809 0407 0303 0203 0204 0505 0204 0102 0103 0810 0606
1     0406 0303 0506 1012 0409 0407 0304 0203 0103 0505 0202 0202 0304 0208 0607
1     0101 0306 0306 0107 0809 0307 0303 0203 0203 0505 0405 0202 0107 1010 0614
1     0407 0406 0106 0712 0408 0404 0307 0202 0103 0505 0204 0103 0102 0212 0612
1     0000 0304 0103 0810 0909 0909 0303 0102 0103 0505 0202 0102 0106 0108 0000
2     0101 0000 0105 0707 0909 0409 0307 0202 0103 0512 0202 0202 0103 0212 0712
2     0306 0304 0103 0910 0708 0407 0303 0203 0203 0505 0404 0102 0103 0205 0712
2     0106 0000 0305 0710 0909 0507 0303 0202 0303 0512 0404 0102 0102 0208 0914
2     0606 0304 0205 0107 0911 0409 0303 0202 0103 0512 0405 0102 0102 0210 0711
2     0205 0204 0305 0710 0809 0303 0303 0202 0303 1013 0204 0202 0103 0808 0606
2     0106 0303 0405 0810 0810 0909 0303 0202 0103 1213 0404 0204 0103 0109 1012
2     0106 0404 0306 0707 0709 0107 0303 0203 0203 0512 0204 0104 0101 0208 0709
2     0103 0606 0303 0708 0811 0309 0303 0103 0202 0513 0404 0202 0106 0809 1012
2     0606 0306 0305 0710 0809 0203 0303 0203 0303 1313 0204 0102 0202 1010 1114
2     0101 0404 0305 0710 0709 0409 0303 0202 0303 0512 0404 0102 0303 0102 0707
3     0104 0307 0303 0808 0304 0303 0707 0202 0204 1313 0404 0608 0914 0614 0305
3     0104 0204 0307 0912 0809 0809 0304 0102 0204 1213 0205 0810 0909 0415 0205
3     0101 0306 0303 0713 0709 0309 0707 0103 0101 1212 0204 0708 0909 0314 0103
3     0103 0304 0305 0809 0310 0308 0307 0101 0304 0512 0205 0608 0809 0415 0105
3     0101 0406 0107 0710 0808 0102 0307 0102 0203 1314 0204 0506 1115 0415 0203
3     0103 0405 0103 0812 0404 0303 0707 0203 0404 0106 0203 0511 0911 0407 0303
3     0101 0203 0305 0812 0510 0308 0303 0103 0104 0510 0203 0506 0809 0714 0505
3     0101 0203 0303 0808 0308 0309 0404 0202 0102 0108 0202 0808 0815 1415 0303
3     0101 0606 0305 0812 0808 0404 0707 0101 0102 1213 0404 0507 1415 0406 0303
3     0104 0406 0305 0709 0508 0203 0307 0101 0304 0101 0307 0506 0910 0714 0303
3     0101 0404 0303 0709 0304 0103 0307 0202 0104 0113 0202 0606 0912 0406 0204
3     0101 0204 0304 0611 0305 0309 0307 0205 0202 0102 0404 0707 0810 0614 0303
3     0101 0306 0108 0606 0808 0209 0303 0303 0404 0105 0204 0607 1416 1414 0305
3     0106 0406 0303 0812 0307 0209 0506 0103 0204 0512 0405 0606 0810 0415 0305
3     0103 0204 0203 0608 0407 0309 0203 0203 0203 0113 0304 0609 0915 0707 0203
3     0106 0306 0103 0508 0409 0103 0404 0202 0303 0109 0205 0710 0911 1415 0102
3     0106 0306 0305 0406 0509 0809 0303 0101 0304 0102 0203 0710 1012 0614 0303
3     0104 0304 0306 0812 0408 0209 0307 0303 0103 0108 0405 0610 0911 1114 0102
3     0106 0203 0407 1212 0808 0206 0303 0102 0304 0105 0304 1010 0909 0714 0505
3     0106 0606 0206 0808 0608 0708 0707 0101 0304 0104 0205 0610 1111 1114 0305
3     0106 0206 0405 0612 0509 0909 0303 0102 0304 0102 0404 0708 1114 0714 0203
3     0106 0202 0306 0712 0608 0203 0404 0105 0202 0105 0205 0707 1111 0406 0305
3     0101 0304 0307 0707 0808 0309 0707 0202 0204 0109 0204 0711 0915 0414 0303
3     0104 0606 0306 0710 0408 0108 0307 0303 0104 0112 0202 0711 0915 0413 0303
4     0106 0306 0305 0708 0408 0309 0707 0103 0304 0109 0405 0610 1115 1115 0305
4     0104 0406 0305 0708 0508 0204 0404 0102 0304 0109 0202 0710 0814 1415 0305
4     0306 0203 0303 0709 0307 0207 0307 0202 0204 0109 0204 0708 1011 1115 0305
4     0101 0303 0305 0707 0405 0108 0307 0101 0203 0102 0404 0610 0915 1113 0303
4     0104 0304 0204 0712 0304 0205 0307 0102 0304 0105 0203 0610 1616 1115 0305
4     0101 0306 0305 0610 0808 0103 0307 0102 0304 0510 0204 0607 0912 0314 0205
4     0104 0303 0207 0810 0707 0203 0101 0105 0204 0105 0404 0610 1011 0607 0303
4     0104 0304 0303 0910 0307 0309 0506 0102 0304 0105 0204 0608 0815 0606 0304
4     0103 0105 0305 0203 0102 0107 0203 0102 0203 0101 0106 0708 0811 0715 0202
4     0103 0306 0203 0708 0404 0309 0203 0101 0103 0109 0202 0506 0910 0707 0305
4     0106 0206 0303 0708 0809 0203 0203 0102 0103 1112 0204 0606 0814 0707 0303
4     0101 0306 0303 0707 0408 0209 0707 0101 0204 0108 0203 0710 0812 0711 0305
4     0101 0406 0303 0708 0409 0203 0303 0203 0103 0113 0203 1010 1013 1414 0305
4     0101 0203 0305 0810 0306 0309 0303 0202 0103 0109 0202 0707 1316 1416 0202
4     0101 0304 0506 0810 0508 0303 0307 0105 0304 0113 0202 1010 1315 0413 0203
4     0101 0306 0303 1212 0208 0309 0407 0103 0103 0109 0707 0606 1012 0404 0305
4     0101 0304 0305 0708 0909 0303 0707 0101 0304 0107 0405 0609 0810 1114 0305
4     0306 0204 0203 0812 0808 0304 0407 0104 0304 0113 0204 0509 1116 1414 0305
4     0406 0304 0303 0712 0909 0109 0707 0103 0104 0105 0405 0809 0914 0611 0203
4     0101 0404 0202 0808 0306 0303 0707 0202 0303 0104 0205 0811 1216 0615 0202
4     0103 0204 0103 0707 0508 0303 0303 0105 0101 0103 0304 0606 0816 0411 0205
4     0606 0606 0305 0812 0910 0303 0707 0101 0104 0105 0205 0510 0814 1114 0303
4     0304 0306 0306 0508 0808 0809 0307 0505 0103 0105 0304 0707 0809 1314 0305
4     0406 0303 0505 0810 0809 0203 0707 0102 0104 0513 0405 0707 1016 0707 0305
4     0103 0306 0505 0910 0409 0208 0707 0103 0103 0109 0405 1010 0810 0616 0305
4     0104 0203 0303 0709 0507 0303 0707 0101 0404 0102 0405 0606 0915 0615 0103
