6 15 17 2
Oke4
Omm1036
Omm1046
Omy1001
Omy1011
Omy7
OmyFGT12
One102
Oneu18
Ots100
Ots3m
Ssa289
Ssa407
Ssa408
Ssa20.19
1     0101 0606 0305 0606 0709 0307 0307 0103 0404 1313 0205 0606 0910 1415 0205
1     0106 0406 0306 0611 0407 0203 0307 0103 0104 0615 0203 0611 0913 1415 0303
1     0307 0204 0203 0508 0307 0809 0307 0101 0304 1314 0404 0610 1113 1315 0105
1     0107 0202 0203 0814 0307 0809 0307 0101 0404 1314 0405 0610 1115 1315 0205
1     0000 0506 0303 0710 0709 0307 0307 0103 0103 1313 0203 0000 0809 0000 0205
1     0106 0606 0303 0606 0709 0304 0303 0203 0304 0613 0205 0710 0910 1415 0203
1     0101 0204 0404 0607 0407 0303 0307 0101 0304 0106 0203 0505 1112 0606 0304
1     0000 0304 0306 0514 0307 0109 0303 0102 0303 1313 0404 0611 1516 0000 0105
1     0104 0303 0306 0814 0708 0107 0303 0000 0303 0000 0304 0505 0910 1415 0102
1     0104 0304 0102 0708 0408 0303 0303 0101 0304 1313 0204 0708 0909 1415 0204
2     0104 0606 0103 1214 0409 0303 0303 0103 0204 0000 0304 0707 0909 1415 0203
2     0106 0406 0305 1012 0708 0207 0307 0102 0303 1313 0205 0606 0914 1515 0202
2     0101 0406 0305 0607 0708 0307 0707 0102 0303 1313 0204 0610 0914 1515 0202
2     0304 0405 0000 0715 0709 0000 0707 0000 0304 0606 0304 0608 0000 1416 0305
2     0101 0607 0303 1012 0709 0207 0707 0101 0304 0613 0205 0710 0914 1515 0305
2     0107 0204 0303 0814 0307 0109 0307 0101 0304 1314 0404 0606 0915 1114 0103
2     0406 0304 0406 0712 0308 0303 0707 0101 0304 1515 0303 0911 1316 0614 0303
2     0104 0506 0305 1013 0409 0303 0307 0103 0103 1115 0304 0707 0909 1113 0203
2     0307 0204 0203 0715 0307 0809 0307 0101 0404 1314 0405 0610 0915 1115 0203
2     0107 0204 0304 0715 0809 0809 0307 0101 0304 1314 0404 0606 0913 1115 0105
3     0406 0306 0405 0809 0310 0409 0307 0202 0103 0614 0404 0204 0506 0205 0612
3     0106 0304 0105 0808 0909 0309 0303 0202 0303 0613 0204 0204 0306 0508 1113
3     0101 0304 0305 0815 0308 0409 0303 0203 0303 0613 0404 0102 0306 0210 0813
3     0101 0404 0105 0708 0809 0205 0000 0202 0000 0613 0404 0000 0204 0208 0610
3     0606 0202 0104 0812 0809 0309 0303 0202 0303 0613 0204 0204 0103 0210 1314
3     0107 0204 0205 0809 0809 0407 0303 0203 0204 0606 0204 0102 0103 0810 0606
3     0406 0303 0506 1215 0409 0407 0304 0203 0103 0606 0202 0202 0304 0208 0607
3     0101 0306 0306 0108 0809 0307 0303 0203 0203 0606 0405 0202 0107 1010 0614
3     0407 0406 0106 0815 0408 0404 0307 0202 0103 0606 0204 0103 0102 0212 0612
3     0000 0304 0103 0912 0909 0909 0303 0102 0103 0606 0202 0102 0106 0108 0000
4     0106 0000 0305 0812 0909 0507 0303 0202 0303 0613 0404 0102 0102 0208 0914
4     0306 0304 0103 1012 0708 0407 0303 0203 0203 0606 0404 0102 0103 0205 0712
4     0606 0304 0205 0108 0911 0409 0303 0202 0103 0613 0405 0102 0102 0210 0711
4     0205 0204 0305 0812 0809 0303 0303 0202 0303 1114 0204 0202 0103 0808 0606
4     0106 0303 0405 0912 0810 0909 0303 0202 0103 1314 0404 0204 0103 0109 1012
4     0106 0404 0306 0808 0709 0107 0303 0203 0203 0613 0204 0104 0101 0208 0709
4     0103 0606 0303 0809 0811 0309 0303 0103 0202 0614 0404 0202 0106 0809 1012
4     0606 0306 0305 0812 0809 0203 0303 0203 0303 1414 0204 0102 0202 1010 1114
4     0101 0404 0305 0812 0709 0409 0303 0202 0303 0613 0404 0102 0303 0102 0707
4     0101 0000 0105 0808 0909 0409 0307 0202 0103 0613 0202 0202 0103 0212 0712
5     0104 0307 0303 0909 0304 0303 0707 0202 0204 1414 0404 0608 0914 0614 0305
5     0104 0204 0307 1015 0809 0809 0304 0102 0204 1314 0205 0810 0909 0415 0205
5     0101 0306 0303 0816 0709 0309 0707 0103 0101 1313 0204 0708 0909 0314 0103
5     0103 0304 0305 0910 0310 0308 0307 0101 0304 0613 0205 0608 0809 0415 0105
5     0101 0406 0107 0812 0808 0102 0307 0102 0203 1415 0204 0506 1115 0415 0203
5     0103 0405 0103 0915 0404 0303 0707 0203 0404 0207 0203 0511 0911 0407 0303
5     0101 0203 0305 0915 0510 0308 0303 0103 0104 0611 0203 0506 0809 0714 0505
5     0101 0203 0303 0909 0308 0309 0404 0202 0102 0209 0202 0808 0815 1415 0303
5     0101 0606 0305 0915 0808 0404 0707 0101 0102 1314 0404 0507 1415 0406 0303
5     0104 0406 0305 0810 0508 0203 0307 0101 0304 0202 0307 0506 0910 0714 0303
5     0101 0404 0303 0810 0304 0103 0307 0202 0104 0214 0202 0606 0912 0406 0204
5     0101 0204 0304 0714 0305 0309 0307 0205 0202 0203 0404 0707 0810 0614 0303
5     0101 0306 0108 0707 0808 0209 0303 0303 0404 0206 0204 0607 1417 1414 0305
5     0106 0406 0303 0915 0307 0209 0506 0103 0204 0613 0405 0606 0810 0415 0305
5     0103 0204 0203 0709 0407 0309 0203 0203 0203 0214 0304 0609 0915 0707 0203
5     0106 0306 0103 0609 0409 0103 0404 0202 0303 0210 0205 0710 0911 1415 0102
5     0106 0306 0305 0407 0509 0809 0303 0101 0304 0203 0203 0710 1012 0614 0303
5     0104 0304 0306 0915 0408 0209 0307 0303 0103 0209 0405 0610 0911 1114 0102
5     0106 0203 0407 1515 0808 0206 0303 0102 0304 0206 0304 1010 0909 0714 0505
5     0106 0606 0206 0909 0608 0708 0707 0101 0304 0205 0205 0610 1111 1114 0305
5     0106 0206 0405 0715 0509 0909 0303 0102 0304 0203 0404 0708 1114 0714 0203
5     0106 0202 0306 0815 0608 0203 0404 0105 0202 0206 0205 0707 1111 0406 0305
5     0101 0304 0307 0808 0808 0309 0707 0202 0204 0210 0204 0711 0915 0414 0303
5     0104 0606 0306 0812 0408 0108 0307 0303 0104 0213 0202 0711 0915 0413 0303
6     0104 0406 0305 0809 0508 0204 0404 0102 0304 0210 0202 0710 0814 1415 0305
6     0106 0306 0305 0809 0408 0309 0707 0103 0304 0210 0405 0610 1115 1115 0305
6     0306 0203 0303 0810 0307 0207 0307 0202 0204 0210 0204 0708 1011 1115 0305
6     0101 0303 0305 0808 0405 0108 0307 0101 0203 0203 0404 0610 0915 1113 0303
6     0104 0304 0204 0815 0304 0205 0307 0102 0304 0206 0203 0610 1717 1115 0305
6     0101 0306 0305 0712 0808 0103 0307 0102 0304 0611 0204 0607 0912 0314 0205
6     0104 0303 0207 0912 0707 0203 0101 0105 0204 0206 0404 0610 1011 0607 0303
6     0104 0304 0303 1012 0307 0309 0506 0102 0304 0206 0204 0608 0815 0606 0304
6     0103 0105 0305 0203 0102 0107 0203 0102 0203 0202 0106 0708 0811 0715 0202
6     0103 0306 0203 0809 0404 0309 0203 0101 0103 0210 0202 0506 0910 0707 0305
6     0106 0206 0303 0809 0809 0203 0203 0102 0103 1213 0204 0606 0814 0707 0303
6     0101 0306 0303 0808 0408 0209 0707 0101 0204 0209 0203 0710 0812 0711 0305
6     0101 0406 0303 0809 0409 0203 0303 0203 0103 0214 0203 1010 1013 1414 0305
6     0101 0203 0305 0912 0306 0309 0303 0202 0103 0210 0202 0707 1317 1416 0202
6     0101 0304 0506 0912 0508 0303 0307 0105 0304 0214 0202 1010 1315 0413 0203
6     0101 0306 0303 1515 0208 0309 0407 0103 0103 0210 0707 0606 1012 0404 0305
6     0101 0304 0305 0809 0909 0303 0707 0101 0304 0208 0405 0609 0810 1114 0305
6     0306 0204 0203 0915 0808 0304 0407 0104 0304 0214 0204 0509 1117 1414 0305
6     0406 0304 0303 0815 0909 0109 0707 0103 0104 0206 0405 0809 0914 0611 0203
6     0101 0404 0202 0909 0306 0303 0707 0202 0303 0205 0205 0811 1217 0615 0202
6     0103 0204 0103 0808 0508 0303 0303 0105 0101 0204 0304 0606 0817 0411 0205
6     0606 0606 0305 0915 0910 0303 0707 0101 0104 0206 0205 0510 0814 1114 0303
6     0304 0306 0306 0609 0808 0809 0307 0505 0103 0206 0304 0707 0809 1314 0305
6     0406 0303 0505 0912 0809 0203 0707 0102 0104 0614 0405 0707 1017 0707 0305
6     0103 0306 0505 1012 0409 0208 0707 0103 0103 0210 0405 1010 0810 0616 0305
6     0104 0203 0303 0810 0507 0303 0707 0101 0404 0203 0405 0606 0915 0615 0103
