4 15 15 2
Oke4
Omm1036
Omm1046
Omy1001
Omy1011
Omy7
OmyFGT12
One102
Oneu18
Ots100
Ots3m
Ssa289
Ssa407
Ssa408
Ssa20.19
1     0101 0606 0305 0505 0709 0307 0307 0103 0404 1313 0205 0202 0203 0708 0205
1     0104 0406 0306 0510 0407 0203 0307 0103 0104 0615 0203 0207 0206 0708 0303
1     0205 0204 0203 0407 0307 0809 0307 0101 0304 1314 0404 0206 0406 0608 0105
1     0105 0202 0203 0713 0307 0809 0307 0101 0404 1314 0405 0206 0408 0608 0205
1     0000 0506 0303 0609 0709 0307 0307 0103 0103 1313 0203 0000 0102 0000 0205
1     0104 0606 0303 0505 0709 0304 0303 0203 0304 0613 0205 0306 0203 0708 0203
1     0101 0204 0404 0506 0407 0303 0307 0101 0304 0106 0203 0101 0405 0303 0304
1     0000 0304 0306 0413 0307 0109 0303 0102 0303 1313 0404 0207 0809 0000 0105
1     0103 0303 0306 0713 0708 0107 0303 0000 0303 0000 0304 0101 0203 0708 0102
1     0103 0304 0102 0607 0408 0303 0303 0101 0304 1313 0204 0304 0202 0708 0204
2     0103 0606 0103 1113 0409 0303 0303 0103 0204 0000 0304 0303 0202 0708 0203
2     0104 0406 0305 0911 0708 0207 0307 0102 0303 1313 0205 0202 0207 0808 0202
2     0101 0406 0305 0506 0708 0307 0707 0102 0303 1313 0204 0206 0207 0808 0202
2     0203 0405 0000 0614 0709 0000 0707 0000 0304 0606 0304 0204 0000 0709 0305
2     0101 0607 0303 0911 0709 0207 0707 0101 0304 0613 0205 0306 0207 0808 0305
2     0105 0204 0303 0713 0307 0109 0307 0101 0304 1314 0404 0202 0208 0507 0103
2     0304 0304 0406 0611 0308 0303 0707 0101 0304 1515 0303 0507 0609 0307 0303
2     0103 0506 0305 0912 0409 0303 0307 0103 0103 1115 0304 0303 0202 0506 0203
2     0205 0204 0203 0614 0307 0809 0307 0101 0404 1314 0405 0206 0208 0508 0203
2     0105 0204 0304 0614 0809 0809 0307 0101 0304 1314 0404 0202 0206 0508 0105
3     0103 0307 0303 0808 0304 0303 0707 0202 0204 1414 0404 0204 0207 0307 0305
3     0103 0204 0307 0914 0809 0809 0304 0102 0204 1314 0205 0406 0202 0208 0205
3     0101 0306 0303 0715 0709 0309 0707 0103 0101 1313 0204 0304 0202 0107 0103
3     0102 0304 0305 0809 0310 0308 0307 0101 0304 0613 0205 0204 0102 0208 0105
3     0101 0406 0107 0711 0808 0102 0307 0102 0203 1415 0204 0102 0408 0208 0203
3     0102 0405 0103 0814 0404 0303 0707 0203 0404 0207 0203 0107 0204 0204 0303
3     0101 0203 0305 0814 0510 0308 0303 0103 0104 0611 0203 0102 0102 0407 0505
3     0101 0203 0303 0808 0308 0309 0404 0202 0102 0209 0202 0404 0108 0708 0303
3     0101 0606 0305 0814 0808 0404 0707 0101 0102 1314 0404 0103 0708 0203 0303
3     0103 0406 0305 0709 0508 0203 0307 0101 0304 0202 0307 0102 0203 0407 0303
3     0101 0404 0303 0709 0304 0103 0307 0202 0104 0214 0202 0202 0205 0203 0204
3     0101 0204 0304 0613 0305 0309 0307 0205 0202 0203 0404 0303 0103 0307 0303
3     0101 0306 0108 0606 0808 0209 0303 0303 0404 0206 0204 0203 0710 0707 0305
3     0104 0406 0303 0814 0307 0209 0506 0103 0204 0613 0405 0202 0103 0208 0305
3     0102 0204 0203 0608 0407 0309 0203 0203 0203 0214 0304 0205 0208 0404 0203
3     0104 0306 0103 0508 0409 0103 0404 0202 0303 0210 0205 0306 0204 0708 0102
3     0104 0306 0305 0306 0509 0809 0303 0101 0304 0203 0203 0306 0305 0307 0303
3     0103 0304 0306 0814 0408 0209 0307 0303 0103 0209 0405 0206 0204 0507 0102
3     0104 0203 0407 1414 0808 0206 0303 0102 0304 0206 0304 0606 0202 0407 0505
3     0104 0606 0206 0808 0608 0708 0707 0101 0304 0205 0205 0206 0404 0507 0305
3     0104 0206 0405 0614 0509 0909 0303 0102 0304 0203 0404 0304 0407 0407 0203
3     0104 0202 0306 0714 0608 0203 0404 0105 0202 0206 0205 0303 0404 0203 0305
3     0101 0304 0307 0707 0808 0309 0707 0202 0204 0210 0204 0307 0208 0207 0303
3     0103 0606 0306 0711 0408 0108 0307 0303 0104 0213 0202 0307 0208 0206 0303
4     0103 0406 0305 0708 0508 0204 0404 0102 0304 0210 0202 0306 0107 0708 0305
4     0104 0306 0305 0708 0408 0309 0707 0103 0304 0210 0405 0206 0408 0508 0305
4     0204 0203 0303 0709 0307 0207 0307 0202 0204 0210 0204 0304 0304 0508 0305
4     0101 0303 0305 0707 0405 0108 0307 0101 0203 0203 0404 0206 0208 0506 0303
4     0103 0304 0204 0714 0304 0205 0307 0102 0304 0206 0203 0206 1010 0508 0305
4     0101 0306 0305 0611 0808 0103 0307 0102 0304 0611 0204 0203 0205 0107 0205
4     0103 0303 0207 0811 0707 0203 0101 0105 0204 0206 0404 0206 0304 0304 0303
4     0103 0304 0303 0911 0307 0309 0506 0102 0304 0206 0204 0204 0108 0303 0304
4     0102 0105 0305 0102 0102 0107 0203 0102 0203 0202 0106 0304 0104 0408 0202
4     0102 0306 0203 0708 0404 0309 0203 0101 0103 0210 0202 0102 0203 0404 0305
4     0104 0206 0303 0708 0809 0203 0203 0102 0103 1213 0204 0202 0107 0404 0303
4     0101 0306 0303 0707 0408 0209 0707 0101 0204 0209 0203 0306 0105 0405 0305
4     0101 0406 0303 0708 0409 0203 0303 0203 0103 0214 0203 0606 0306 0707 0305
4     0101 0203 0305 0811 0306 0309 0303 0202 0103 0210 0202 0303 0610 0709 0202
4     0101 0304 0506 0811 0508 0303 0307 0105 0304 0214 0202 0606 0608 0206 0203
4     0101 0306 0303 1414 0208 0309 0407 0103 0103 0210 0707 0202 0305 0202 0305
4     0101 0304 0305 0708 0909 0303 0707 0101 0304 0208 0405 0205 0103 0507 0305
4     0204 0204 0203 0814 0808 0304 0407 0104 0304 0214 0204 0105 0410 0707 0305
4     0304 0304 0303 0714 0909 0109 0707 0103 0104 0206 0405 0405 0207 0305 0203
4     0101 0404 0202 0808 0306 0303 0707 0202 0303 0205 0205 0407 0510 0308 0202
4     0102 0204 0103 0707 0508 0303 0303 0105 0101 0204 0304 0202 0110 0205 0205
4     0404 0606 0305 0814 0910 0303 0707 0101 0104 0206 0205 0106 0107 0507 0303
4     0203 0306 0306 0508 0808 0809 0307 0505 0103 0206 0304 0303 0102 0607 0305
4     0304 0303 0505 0811 0809 0203 0707 0102 0104 0614 0405 0303 0310 0404 0305
4     0102 0306 0505 0911 0409 0208 0707 0103 0103 0210 0405 0606 0103 0309 0305
4     0103 0203 0303 0709 0507 0303 0707 0101 0404 0203 0405 0202 0208 0308 0103
